2.896802 6.016734 -0.753687 0.657234
3.005261 3.243252 -0.987285 0.158961
9.914873 6.732610 -0.807616 0.589709
1.225870 7.998885 -0.708753 0.705456
4.620085 0.104923 -0.699626 0.714509
3.967064 8.239886 -0.741915 0.670494
4.541990 9.437639 -0.613002 0.790081
9.356331 7.530553 -0.676030 0.736874
7.993442 9.995560 -0.644924 0.764247
7.488707 6.442830 -0.664128 0.747619
3.419598 0.124090 -0.738026 0.674772
4.565835 9.938272 -0.576982 0.816757
3.862026 9.080855 -0.709767 0.704437
6.206689 8.729127 -0.738032 0.674766
0.259324 7.087544 -0.496347 0.868124
4.298320 9.916204 -0.695340 0.718681
2.497189 8.537396 -0.523506 0.852022
6.020724 6.826545 -0.696858 0.717210
7.452970 8.672092 -0.835236 0.549891
7.045698 8.165989 -0.899105 0.437732
6.186096 8.436339 -0.818972 0.573833
9.632866 5.608882 -0.774253 0.632876
6.876548 0.073967 -0.812358 0.583159
3.922912 7.987451 -0.877380 0.479795
0.077649 7.382660 -0.686641 0.726997
3.053747 5.690012 -0.943742 0.330683
1.030934 6.775104 -0.642957 0.765903
7.649151 7.319470 -0.863085 0.505059
3.751132 5.553316 -0.956980 0.290155
9.391794 5.640081 -0.715241 0.698878
6.347318 8.828939 -0.883274 0.468857
7.981178 6.731039 -0.640682 0.767806
0.401028 6.154740 -0.522256 0.852789
7.964155 8.128652 -0.837950 0.545746
8.995653 6.609122 -0.759787 0.650172
0.023741 6.573444 -0.777988 0.628279
7.355969 9.162827 -0.627698 0.778457
4.272147 9.366143 -0.775343 0.631541
7.285620 7.161604 -0.675466 0.737391
9.506271 4.886029 -0.793704 0.608304
9.055326 4.337803 -0.818649 0.574295
7.763797 8.611847 -0.610995 0.791635
9.393216 6.543773 -0.830302 0.557314
5.123981 7.199620 -0.633901 0.773414
5.141634 9.154121 -0.731831 0.681487
9.997746 5.715367 -0.787695 0.616065
5.207266 7.468429 -0.769603 0.638523
4.874217 9.321805 -0.765021 0.644005
3.931934 9.822274 -0.559347 0.828933
3.064357 6.237180 -0.805450 0.592664
8.587905 6.290628 -0.784312 0.620367
4.854583 9.961584 -0.819525 0.573044
9.029325 5.417926 -0.857871 0.513864
9.544113 3.867160 -0.633359 0.773858
7.091222 7.505339 -0.849569 0.527478
2.417691 8.408343 -0.610919 0.791693
7.985505 5.801915 -0.652354 0.757915
0.670922 8.088509 -0.873511 0.486804
5.180159 7.774453 -0.565685 0.824621
0.188382 8.256956 -0.561168 0.827702
6.423328 9.246120 -0.695215 0.718802
0.598779 8.843114 -0.869208 0.494447
4.875426 9.956017 -0.577591 0.816326
9.867471 7.631058 -0.756461 0.654038
1.076838 7.711053 -0.740196 0.672391
7.736447 3.644811 -0.778574 0.627553
4.877135 9.024548 -0.681942 0.731406
3.320890 9.691651 -0.778200 0.628017
4.515916 0.444256 -0.541413 0.840757
2.020482 4.131188 -0.877825 0.478981
5.215461 9.737780 -0.669491 0.742820
8.063965 6.090040 -0.909033 0.416724
1.892981 8.524604 -0.646652 0.762785
5.448153 9.957935 -0.570457 0.821327
9.538417 6.704572 -0.620302 0.784363
5.020854 7.650508 -0.846351 0.532626
1.569585 6.430359 -0.824608 0.565704
7.009646 4.712308 -0.889695 0.456556
5.223310 1.348419 -0.674510 0.738265
2.935975 0.279358 -0.714910 0.699216
5.864447 9.957954 -0.875489 0.483239
6.456422 7.753082 -0.879384 0.476114
7.457065 4.704250 -0.863204 0.504855
9.991237 7.910080 -0.856703 0.515810
4.316611 7.668035 -0.633641 0.773628
8.628179 3.886751 -0.696752 0.717313
5.041860 8.589968 -0.653757 0.756704
7.500633 7.209449 -0.755337 0.655336
9.864457 6.415454 -0.695071 0.718941
0.923323 8.051830 -0.629529 0.776977
6.191268 8.071223 -0.704360 0.709843
6.456119 4.508167 -0.914576 0.404413
2.104760 3.037371 -0.920611 0.390481
9.096799 7.450222 -0.735248 0.677799
9.826811 7.335988 -0.674624 0.738161
5.685197 9.044713 -0.818940 0.573879
5.233154 8.541002 -0.886866 0.462026
4.165570 7.339023 -0.809456 0.587180
7.790537 5.701220 -0.764114 0.645081
8.003365 8.396621 -0.703096 0.711095
9.096330 2.732023 -0.878806 0.477180
9.596685 6.029119 -0.806597 0.591101
9.427883 6.717521 -0.651706 0.758472
6.017954 0.948299 -0.669625 0.742699
5.321260 9.753189 -0.820326 0.571896
9.556570 4.170502 -0.662065 0.749446
6.379644 7.820063 -0.661613 0.749846
9.909203 8.325620 -0.729603 0.683871
4.119873 9.618545 -0.540530 0.841325
6.151097 7.754220 -0.778889 0.627161
5.288045 0.760654 -0.713483 0.700673
5.919247 8.474801 -0.599525 0.800356
5.251758 9.225660 -0.737334 0.675528
6.169554 6.627684 -0.703337 0.710857
3.365496 7.048811 -0.913317 0.407249
9.914637 5.766362 -0.751429 0.659814
3.667212 0.355709 -0.648558 0.761165
8.388649 6.024253 -0.653020 0.757341
1.274940 7.633742 -0.840328 0.542078
2.758750 9.641986 -0.828084 0.560603
8.566938 6.763095 -0.743119 0.669159
5.118847 9.899182 -0.642555 0.766240
3.402013 8.940009 -0.793983 0.607940
4.498000 6.192085 -0.826790 0.562511
4.896702 9.777247 -0.787865 0.615848
2.274068 3.627058 -0.997102 0.076077
8.103512 6.884584 -0.731104 0.682266
3.820341 9.591960 -0.765264 0.643717
7.241625 7.903503 -0.833410 0.552655
6.233923 7.266940 -0.822327 0.569015
3.493576 6.841158 -0.917456 0.397837
5.540869 8.745993 -0.783326 0.621612
9.520402 6.580543 -0.716059 0.698039
4.539864 8.301160 -0.594100 0.804391
6.231482 3.977421 -0.966410 0.257006
9.716643 8.334174 -0.545551 0.838077
2.268040 6.872144 -0.715782 0.698323
4.346074 9.575036 -0.605757 0.795650
2.267956 8.609912 -0.783400 0.621518
9.079064 3.470993 -0.703500 0.710695
6.724393 5.062494 -0.904319 0.426858
5.270343 1.260681 -0.642241 0.766503
1.376180 6.004880 -0.706459 0.707754
6.484073 7.180577 -0.700834 0.713325
4.080317 8.534873 -0.752474 0.658622
5.902018 7.937989 -0.728320 0.685237
5.850811 6.028239 -0.912576 0.408906
5.798393 7.957371 -0.619470 0.785021
4.930978 7.636907 -0.770249 0.637743
5.592468 6.396588 -0.851615 0.524168
3.276869 5.997757 -0.742246 0.670127
8.581563 7.862329 -0.908858 0.417106
7.099894 5.259699 -0.694558 0.719437
2.399606 8.201228 -0.772715 0.634753
3.513242 9.691468 -0.712302 0.701873
8.086584 6.751714 -0.861725 0.507376
3.481895 9.779180 -0.798060 0.602578
6.152727 1.140953 -0.807166 0.590325
2.693203 6.927191 -0.763692 0.645580
4.348835 9.200401 -0.675563 0.737302
1.990778 8.116513 -0.657367 0.753570
3.488198 9.290092 -0.646570 0.762854
4.151851 0.317464 -0.788734 0.614734
7.174235 7.811664 -0.881430 0.472316
3.317487 5.785571 -0.835762 0.549091
6.871726 7.383249 -0.917740 0.397182
5.722200 9.014961 -0.889749 0.456449
8.130011 4.184663 -0.851006 0.525157
9.040480 7.545142 -0.642582 0.766217
4.960811 7.786242 -0.826332 0.563183
2.910521 4.380624 -0.814278 0.580476
7.423207 8.011406 -0.909205 0.416349
3.319448 7.221028 -0.641875 0.766809
3.782394 5.256872 -0.922363 0.386324
0.933255 6.985830 -0.585383 0.810757
5.116935 8.140989 -0.778540 0.627595
7.183780 7.488985 -0.688374 0.725356
8.044657 3.534908 -0.607655 0.794201
4.096299 8.902114 -0.800437 0.599417
6.229157 7.603834 -0.828673 0.559733
7.197626 5.337518 -0.922028 0.387124
3.231534 4.793145 -0.928013 0.372549
8.889412 4.292026 -0.812591 0.582835
8.952435 7.203120 -0.904093 0.427335
4.303649 8.089818 -0.756824 0.653619
6.086404 1.638457 -0.618890 0.785478
5.519760 8.264881 -0.809276 0.587429
1.412202 5.231690 -0.533099 0.846053
6.857214 6.058983 -0.932845 0.360279
8.953041 6.325191 -0.623514 0.781813
2.451434 2.697974 -0.989995 0.141100
8.324380 5.200997 -0.732731 0.680518
6.046285 9.808441 -0.705282 0.708927
8.045528 7.436773 -0.855419 0.517937
3.812203 7.918614 -0.641349 0.767250
9.306735 5.944943 -0.811818 0.583911
9.443213 4.265128 -0.773760 0.633479
8.193304 6.743962 -0.677096 0.735895
8.808096 7.065384 -0.764279 0.644885
1.609322 8.019024 -0.787305 0.616563
0.514591 8.014666 -0.842733 0.538332
1.781897 6.751005 -0.780353 0.625339
4.386851 7.258773 -0.813308 0.581833
8.894147 5.715188 -0.883959 0.467565
7.696636 6.894807 -0.784422 0.620227
5.418883 0.847177 -0.818347 0.574725
6.029994 8.157201 -0.767695 0.640815
7.812877 6.654981 -0.815210 0.579166
6.265061 0.747238 -0.835177 0.549982
3.520637 5.817425 -0.796923 0.604081
0.003723 8.310692 -0.640255 0.768163
9.052144 7.114250 -0.874649 0.484758
8.171390 7.439676 -0.928324 0.371771
5.227427 9.444129 -0.869277 0.494326
9.217087 0.863820 -0.970508 0.241071
7.941298 7.294467 -0.818371 0.574691
5.260406 8.569625 -0.594899 0.803801
4.786433 8.610643 -0.771635 0.636065
6.116900 7.959975 -0.850820 0.525457
4.864448 8.154870 -0.569752 0.821817
2.046578 7.323690 -0.787409 0.616431
5.405627 8.603010 -0.743486 0.668752
7.805986 4.709852 -0.750663 0.660685
9.409819 4.305237 -0.560113 0.828416
7.321535 5.890623 -0.706176 0.708036
9.264380 5.839787 -0.758344 0.651854
1.413948 8.727983 -0.796817 0.604220
1.696149 8.058946 -0.774844 0.632152
7.281936 9.543592 -0.790844 0.612017
5.368312 1.080469 -0.606427 0.795139
8.851175 6.660564 -0.777885 0.628407
5.276915 9.084468 -0.764366 0.644783
0.227647 8.517483 -0.858017 0.513622
8.263349 3.076536 -0.614346 0.789037
0.001582 7.340843 -0.682885 0.730526
7.955839 3.947029 -0.707955 0.706257
4.110563 8.009404 -0.593755 0.804646
5.416919 8.527094 -0.886348 0.463020
8.600480 6.244471 -0.868340 0.495969
8.896779 6.433715 -0.599988 0.800009
7.374031 5.775228 -0.722309 0.691571
3.004984 6.110233 -0.738047 0.674749
7.147087 8.052842 -0.902703 0.430263
5.298793 7.680778 -0.634819 0.772661
6.224336 5.649325 -0.934042 0.357162
3.156870 3.824487 -0.954220 0.299104
4.113867 9.720006 -0.786631 0.617424
3.258303 5.379278 -0.745835 0.666131
6.528018 5.960466 -0.758651 0.651497
9.772609 7.125862 -0.761858 0.647744
3.235155 5.457434 -0.750260 0.661142
7.439971 4.696360 -0.920263 0.391300
6.457205 5.080392 -0.682890 0.730521
0.524713 6.503994 -0.641960 0.766738
3.809815 0.311569 -0.772425 0.635106
9.941211 3.848542 -0.550435 0.834878
3.837768 8.046283 -0.879618 0.475681
7.031761 7.736540 -0.847666 0.530530
7.349595 4.235691 -0.911886 0.410444
7.088915 4.755184 -0.868754 0.495244
8.783621 7.297084 -0.878263 0.478178
9.304103 5.870912 -0.726383 0.687290
2.223519 3.063602 -0.924702 0.380691
3.559269 9.943288 -0.803100 0.595845
0.383456 7.467313 -0.751836 0.659350
4.796674 7.643488 -0.796571 0.604545
4.583220 7.044952 -0.572158 0.820144
9.506739 7.353411 -0.827288 0.561778
6.935625 4.317921 -0.884870 0.465839
6.463381 7.206112 -0.877330 0.479887
6.714155 7.721565 -0.856311 0.516460
0.232733 6.805739 -0.798623 0.601831
4.080619 9.833360 -0.838889 0.544302
1.024101 6.474157 -0.760958 0.648802
7.880135 6.544086 -0.646840 0.762625
9.278866 6.604525 -0.864402 0.502802
8.476219 7.415727 -0.776672 0.629906
1.692939 6.441369 -0.806235 0.591596
0.436992 8.446658 -0.851468 0.524407
8.466056 8.163830 -0.839613 0.543186
7.941983 4.523606 -0.714859 0.699268
8.671411 6.712072 -0.904243 0.427019
7.280102 4.495715 -0.854671 0.519170
2.985918 4.988042 -0.807542 0.589810
6.795872 7.992195 -0.744584 0.667528
3.374478 5.358856 -0.894186 0.447696
4.815674 8.182667 -0.741591 0.670852
6.798444 6.648603 -0.783849 0.620952
9.613911 5.028619 -0.654929 0.755691
5.344954 8.249340 -0.711815 0.702367
3.717548 0.076402 -0.401056 0.916054
5.421327 8.448911 -0.615047 0.788491
8.275309 4.975830 -0.878989 0.476841
4.364330 6.486341 -0.666080 0.745881
8.066553 6.336878 -0.902759 0.430146
9.124037 7.496676 -0.760275 0.649602
1.406533 5.125077 -0.737955 0.674850
8.698931 6.748495 -0.900006 0.435878
7.704803 5.175212 -0.707364 0.706850
5.387095 7.008412 -0.750595 0.660762
3.824893 9.746653 -0.812748 0.582616
7.480354 4.912588 -0.643890 0.765118
7.593404 7.605853 -0.762404 0.647101
9.536721 6.792387 -0.808407 0.588624
4.471262 0.191085 -0.709634 0.704570
4.181592 4.774572 -0.859836 0.510570
9.079270 2.486669 -0.766811 0.641873
5.033780 6.751508 -0.623715 0.781652
4.130621 9.815876 -0.593513 0.804824
8.321060 4.486052 -0.757121 0.653274
5.203634 9.443168 -0.845674 0.533699
6.738174 5.378065 -0.810335 0.585967
0.383765 7.502465 -0.674865 0.737941
5.007636 9.742008 -0.727361 0.686255
3.068131 2.979953 -0.986153 0.165836
6.759050 6.569342 -0.908410 0.418081
4.017892 7.322302 -0.621215 0.783640
4.710285 9.058319 -0.635106 0.772425
5.483533 8.615104 -0.653291 0.757107
4.038052 7.504156 -0.692636 0.721287
6.788345 4.271096 -0.860940 0.508707
9.808941 7.086694 -0.656596 0.754243
6.423523 9.700086 -0.717141 0.696928
8.362235 4.917324 -0.758634 0.651516
6.175219 4.426016 -0.830079 0.557646
4.863407 8.354379 -0.703297 0.710896
2.955250 4.409810 -0.958940 0.283610
9.633698 6.610288 -0.663873 0.747845
5.466889 9.905062 -0.679844 0.733357
7.898108 6.247732 -0.695124 0.718890
4.176550 0.090311 -0.711659 0.702526
6.393976 5.164635 -0.727409 0.686204
8.429970 6.119576 -0.656772 0.754089
3.398492 9.579413 -0.564593 0.825369
8.217255 4.955949 -0.874024 0.485882
2.438563 6.489910 -0.899707 0.436494
7.207924 7.939725 -0.799862 0.600184
6.141298 7.776216 -0.702213 0.711967
2.591273 8.073535 -0.818769 0.574122
0.958864 8.381740 -0.788679 0.614806
9.871345 7.059922 -0.838982 0.544159
8.904533 6.438402 -0.850076 0.526660
8.727602 4.897014 -0.622353 0.782737
5.040302 1.000916 -0.608958 0.793202
1.860818 8.476524 -0.599341 0.800494
7.556742 9.200844 -0.862725 0.505674
2.075123 8.612040 -0.543715 0.839270
6.599488 6.391004 -0.753697 0.657222
8.230379 6.756199 -0.641423 0.767187
5.718384 8.316322 -0.706527 0.707686
9.063981 5.195364 -0.795272 0.606253
5.586172 7.780504 -0.800079 0.599895
4.393832 0.735023 -0.677882 0.735171
4.166167 9.494344 -0.560465 0.828178
0.904260 7.577826 -0.543513 0.839401
3.348321 5.626750 -0.727930 0.685652
4.569494 7.811441 -0.736670 0.676252
3.990981 9.167802 -0.866564 0.499066
2.718829 2.479959 -0.952814 0.303556
8.156857 4.783964 -0.881363 0.472439
2.036331 5.807576 -0.607465 0.794346
3.722051 9.780725 -0.539393 0.842054
0.336105 4.251585 -0.797398 0.603453
7.199952 8.166971 -0.730374 0.683047
3.292283 5.601104 -0.765538 0.643390
7.806604 8.034463 -0.870533 0.492111
5.067039 8.040224 -0.613861 0.789414
8.650060 7.295012 -0.825007 0.565122
1.089363 6.876312 -0.546914 0.837189
3.691207 3.888508 -0.762436 0.647064
5.537603 9.592950 -0.677219 0.735782
8.947005 6.201897 -0.870620 0.491957
4.989912 9.334331 -0.854485 0.519477
5.571449 9.776516 -0.708051 0.706161
4.945375 7.345539 -0.620883 0.783903
0.156771 7.971195 -0.588179 0.808731
3.481263 4.743394 -0.817986 0.575238
1.058636 5.045965 -0.502234 0.864732
4.804764 8.114755 -0.729518 0.683962
5.474083 6.083183 -0.702018 0.712159
7.003203 5.690893 -0.865786 0.500414
5.203331 7.530084 -0.583066 0.812425
0.214714 6.702601 -0.814526 0.580127
0.182403 7.849076 -0.625662 0.780094
5.322980 7.130676 -0.623512 0.781814
7.929215 5.928800 -0.919898 0.392158
8.403016 1.409663 -0.863313 0.504670
3.896280 4.040784 -0.928733 0.370750
5.685492 9.897164 -0.873754 0.486368
1.377517 7.256541 -0.726341 0.687334
7.391132 5.316739 -0.788252 0.615353
0.087514 7.526107 -0.533133 0.846031
9.386571 7.167716 -0.778070 0.628178
5.895471 0.938191 -0.662992 0.748627
8.953338 3.160858 -0.662712 0.748875
8.383782 8.357574 -0.837666 0.546183
8.968486 5.036494 -0.604773 0.796398
0.778946 6.979129 -0.690091 0.723722
7.257609 5.740696 -0.785365 0.619033
7.611769 6.523294 -0.719695 0.694290
9.656138 6.907745 -0.770810 0.637065
6.361352 0.159160 -0.721276 0.692648
8.830752 7.155216 -0.631526 0.775354
5.127618 0.070497 -0.647588 0.761991
6.660144 6.395886 -0.668632 0.743594
2.162413 7.513874 -0.644855 0.764305
6.395969 5.725101 -0.833102 0.553120
4.802811 9.153920 -0.676580 0.736369
4.459232 6.416582 -0.792943 0.609296
9.830312 8.030365 -0.875930 0.482439
7.050423 7.984303 -0.813479 0.581595
5.161943 6.792946 -0.637101 0.770781
6.351145 7.519692 -0.608812 0.793314
6.182569 5.607288 -0.829671 0.558253
5.041348 9.566245 -0.703491 0.710704
1.541474 6.412046 -0.614611 0.788830
7.080812 6.658232 -0.821544 0.570145
5.745918 9.042455 -0.808219 0.588883
1.040133 8.534982 -0.851755 0.523940
9.468137 7.239503 -0.739287 0.673391
5.844193 4.856647 -0.777791 0.628522
6.886744 9.833450 -0.637296 0.770619
3.643529 8.364364 -0.761152 0.648574
9.052311 6.176855 -0.844099 0.536188
4.286776 9.783139 -0.773379 0.633944
2.612973 6.378119 -0.921521 0.388328
3.593959 5.918018 -0.866907 0.498470
1.538183 7.930504 -0.783392 0.621527
0.717387 7.281416 -0.642579 0.766219
5.600231 7.521435 -0.863781 0.503868
0.316609 5.010298 -0.785330 0.619077
3.672081 0.453659 -0.770549 0.637381
7.868354 6.054843 -0.819310 0.573351
9.958064 7.680592 -0.564014 0.825765
2.549259 2.682321 -0.959603 0.281356
9.684780 6.884472 -0.793088 0.609107
7.321167 7.769155 -0.732205 0.681084
7.430914 7.139737 -0.926386 0.376574
8.920952 6.616099 -0.886983 0.461802
3.032902 4.864388 -0.925450 0.378869
9.665784 7.733287 -0.880330 0.474363
7.695768 4.984621 -0.816426 0.577450
4.769477 8.741881 -0.883671 0.468108
4.154230 0.194504 -0.787062 0.616874
9.170699 2.374012 -0.573000 0.819555
2.098851 2.725171 -0.954875 0.297009
9.972389 4.369233 -0.593164 0.805081
3.724215 8.409964 -0.755458 0.655197
3.574290 9.981529 -0.533730 0.845655
8.149319 7.280393 -0.661994 0.749509
2.700661 9.953455 -0.857443 0.514579
7.702508 7.490596 -0.732643 0.680613
3.678151 9.816754 -0.667703 0.744427
5.443656 9.257604 -0.748640 0.662977
4.644495 9.086823 -0.567203 0.823578
9.069131 4.462060 -0.582980 0.812487
3.624220 9.226810 -0.703441 0.710753
5.870967 0.300090 -0.708291 0.705920
4.318557 9.964634 -0.813349 0.581777
7.047420 6.553821 -0.907195 0.420711
2.545021 3.471136 -0.946562 0.322523
7.861286 6.598692 -0.861786 0.507272
7.613386 7.145268 -0.891305 0.453404
5.397401 9.617887 -0.555358 0.831612
8.210256 4.593426 -0.853102 0.521743
6.102559 1.282139 -0.611107 0.791548
5.640778 7.160964 -0.786691 0.617346
6.781511 4.741555 -0.687623 0.726068
7.263559 3.645571 -0.673783 0.738929
7.809333 7.134730 -0.829036 0.559195
6.663862 5.069908 -0.916417 0.400224
9.133812 3.869424 -0.537495 0.843267
9.487434 4.353116 -0.599953 0.800035
5.534966 8.041349 -0.841315 0.540546
6.227646 0.281440 -0.465902 0.884836
7.807462 4.410807 -0.654567 0.756004
7.706625 6.392916 -0.700639 0.713516
6.272148 9.547197 -0.644410 0.764680
4.812580 9.099022 -0.795853 0.605490
3.741646 9.375184 -0.589539 0.807740
8.739793 4.699625 -0.690609 0.723228
3.047601 9.579241 -0.750814 0.660513
8.748691 6.112113 -0.727708 0.685887
5.263220 0.751571 -0.744085 0.668085
5.059638 7.308586 -0.616075 0.787688
4.128377 9.396471 -0.691185 0.722678
9.003646 4.152759 -0.797237 0.603666
3.238814 3.638702 -0.936243 0.351354
5.773840 9.761802 -0.877484 0.479606
3.151217 3.516378 -0.909737 0.415185
9.971342 7.021887 -0.714270 0.699870
7.193863 8.330278 -0.780690 0.624919
3.971262 6.142856 -0.757601 0.652718
7.232980 8.613886 -0.679068 0.734075
8.339875 5.211514 -0.763160 0.646209
0.066534 7.057761 -0.807901 0.589318
9.387765 6.504373 -0.714572 0.699562
0.337756 7.901310 -0.558056 0.829804
8.255759 5.869264 -0.896095 0.443862
6.194967 7.171017 -0.773077 0.634313
