4.902038 0.116904 0.977098 -0.212788
0.649688 9.069975 0.992076 0.125638
7.735704 1.888589 0.992938 0.118636
0.248787 4.699108 0.999842 -0.017801
5.796356 9.697473 0.997381 0.072331
5.633198 2.235513 0.999802 -0.019923
2.034145 3.290268 0.987876 -0.155244
7.685501 7.614531 0.992858 -0.119301
4.785652 3.377359 0.999970 0.007704
6.572367 7.441731 0.972776 -0.231747
1.148294 5.251828 0.974704 0.223499
3.255841 8.060828 0.981363 -0.192161
7.805791 0.813028 0.999846 -0.017537
4.006653 2.034937 0.999604 -0.028156
8.929495 1.741413 0.975163 -0.221490
3.004073 5.533143 0.999199 -0.040014
1.544628 4.341605 0.981791 -0.189964
3.935726 1.522173 0.994566 -0.104106
6.440933 5.454672 0.996022 0.089108
5.299752 3.595401 0.976989 0.213289
4.028239 1.899544 0.995791 0.091657
5.306672 7.092206 0.998654 0.051863
4.534312 3.890005 0.989213 0.146486
4.690684 0.678426 0.979962 0.199184
7.889478 1.908342 0.999884 -0.015216
6.813867 0.366245 0.987439 0.158000
7.946094 1.474062 0.996397 -0.084807
6.886410 6.687142 0.996654 0.081736
1.569215 2.385245 0.974415 0.224756
8.297857 2.710086 0.998581 -0.053251
4.117747 2.222329 0.978795 0.204841
6.476074 7.413291 0.971874 -0.235501
6.887198 2.167644 0.984323 -0.176378
6.840185 3.508301 0.997173 0.075146
6.877694 2.884664 0.999985 -0.005536
7.265263 1.790195 0.989493 0.144581
4.769667 3.502678 0.981104 -0.193479
9.086568 1.009130 0.996079 0.088474
7.100395 5.060385 0.974906 -0.222615
0.625258 6.155916 0.998016 0.062955
6.870752 8.743376 0.994522 0.104526
5.656669 5.599036 0.969136 -0.246525
9.789537 4.159862 0.992852 0.119348
1.932263 2.522419 0.986774 -0.162102
5.520214 0.896592 0.999629 -0.027249
3.815287 0.793109 0.989318 0.145771
3.425999 1.547814 0.998888 0.047137
6.520745 0.982214 0.999500 0.031616
2.446207 4.616964 0.978445 -0.206506
5.124294 0.918579 0.993552 -0.113375
7.516833 3.865103 0.999994 -0.003439
2.219648 3.096142 0.991064 0.133384
6.973181 2.754956 0.982330 0.187157
4.053883 4.997215 0.994342 -0.106223
6.852722 6.316616 0.996448 0.084208
1.342972 4.299880 0.997041 -0.076874
4.259224 8.130325 0.980509 -0.196472
9.639762 4.737180 0.969061 0.246822
1.367446 2.527439 0.970108 -0.242675
7.492442 7.988009 0.975664 -0.219270
3.730347 1.769277 0.998549 -0.053851
7.812490 6.939708 0.977785 0.209613
3.105805 5.822455 0.978280 -0.207286
8.774250 7.331109 0.999823 0.018817
0.194806 4.967202 0.999338 0.036388
7.093793 9.933901 0.999364 0.035656
7.683536 0.519834 0.996296 -0.085987
2.068127 6.177303 0.995800 0.091560
2.354281 6.723514 0.992104 -0.125415
1.250325 1.593716 0.998165 -0.060552
2.800439 3.033301 0.995461 -0.095170
4.292763 8.134035 0.973901 0.226975
0.949378 5.844004 0.998220 -0.059647
3.139160 3.385216 0.974642 -0.223770
7.442744 2.002312 0.983147 -0.182816
1.120980 2.616427 0.986734 0.162343
3.845836 9.802668 0.985481 0.169784
9.524870 8.207135 0.993588 0.113062
5.576131 8.543926 0.998471 -0.055286
5.236573 6.493633 0.977484 0.211010
3.471846 3.123367 0.968990 0.247098
5.235484 3.190496 0.981768 0.190084
3.679457 9.099728 0.995358 0.096242
8.251330 7.426086 0.982389 0.186846
5.409350 0.418944 0.986389 -0.164426
7.232470 9.328571 0.997600 -0.069246
3.546048 3.752285 0.990355 -0.138552
7.251892 5.719841 0.993630 -0.112695
7.755327 1.767918 0.997558 -0.069845
8.936736 6.222993 0.991019 -0.133720
3.465437 0.818155 0.996474 -0.083902
8.376219 8.781678 0.992045 0.125887
0.800814 0.235013 0.985083 -0.172082
6.258350 7.961469 0.999084 -0.042788
8.201880 2.023734 0.994497 -0.104768
3.733262 3.165688 0.993571 0.113210
5.776954 9.539485 0.970653 0.240483
5.497514 9.915996 0.998263 0.058912
8.670092 5.868989 0.998994 -0.044843
7.029968 4.511236 0.991184 -0.132492
4.829192 5.784089 0.969318 0.245812
4.331019 9.007478 0.993975 0.109606
8.124159 2.482191 0.988179 -0.153306
4.200078 7.488677 0.998120 -0.061287
3.470161 4.744117 0.991016 0.133744
3.077866 8.609623 0.996151 -0.087650
5.161229 2.964499 0.989030 -0.147718
6.143232 7.276986 0.998501 0.054729
1.926280 3.314507 0.974915 -0.222579
4.253562 1.358195 0.998923 0.046409
5.744373 9.773168 0.999849 0.017364
3.814423 2.082107 0.974844 -0.222887
9.402431 0.242985 0.999924 -0.012327
2.406059 8.994582 0.990733 -0.135823
4.771613 0.255183 0.977364 0.211566
3.747572 0.521475 0.997373 0.072433
5.484162 8.953914 0.999012 0.044440
9.331205 5.350990 0.984583 -0.174918
1.194799 5.658444 0.978122 0.208031
1.486183 6.010261 0.974894 0.222670
8.524270 6.139636 0.998204 -0.059908
3.656600 5.231232 0.992267 -0.124118
8.052213 1.014593 0.994927 0.100604
1.966636 1.132871 0.999854 0.017113
3.711986 8.329053 0.996577 0.082665
1.790360 1.294007 0.969940 0.243346
6.433338 7.249503 0.992876 -0.119149
2.461870 7.090106 0.997142 0.075551
6.850062 5.753699 0.998501 0.054733
5.490884 2.812666 0.996329 0.085604
5.647454 1.000230 0.981483 0.191549
2.609582 2.168282 0.998590 0.053093
8.941358 3.010988 0.998517 -0.054438
6.567682 1.472080 0.977786 -0.209607
7.387699 9.585317 0.970910 0.239443
6.230083 6.760825 0.985531 -0.169496
4.599968 2.302784 0.998803 -0.048916
1.563651 3.204629 0.987784 -0.155831
0.928786 4.148523 0.990977 0.134034
4.377196 6.910762 0.999726 -0.023393
1.366552 8.112959 0.990222 0.139501
5.984314 8.296041 0.995183 -0.098039
4.133175 9.887982 0.999998 0.001831
5.424100 2.403530 0.992522 -0.122065
4.927009 1.715393 0.999879 0.015558
4.270404 1.943881 0.999388 -0.034986
1.463861 8.326164 0.980042 0.198793
3.936261 1.863473 0.982007 -0.188845
0.621653 2.002828 0.999232 0.039175
1.911633 9.337529 0.987277 0.159010
0.575801 0.094051 0.976884 -0.213771
5.639407 6.275818 0.973839 0.227239
9.930142 8.161202 0.977029 -0.213105
9.645675 2.058113 0.990855 0.134928
2.223219 5.256531 0.999993 -0.003645
7.924847 5.000072 0.993045 0.117734
2.005158 4.782746 0.991412 0.130779
3.646343 7.272665 0.991956 0.126581
4.685018 0.677186 0.998412 -0.056339
9.022452 0.927863 0.997947 -0.064041
1.709849 4.814121 0.999302 -0.037361
2.052856 4.384994 0.993551 -0.113384
2.214610 6.863038 0.971567 0.236763
5.645175 3.851383 0.987518 0.157507
9.142333 8.611344 0.997204 -0.074732
2.953689 0.234609 0.973478 0.228781
7.816981 9.634991 0.971847 0.235611
6.769831 9.168130 0.992039 0.125928
7.464816 7.296784 0.984614 -0.174741
0.956914 0.300800 0.992532 0.121981
2.040484 0.266843 0.989196 -0.146602
5.692055 5.899462 0.977123 0.212677
4.748824 0.787205 0.974590 -0.223995
2.359720 0.642508 0.994524 0.104508
9.826795 3.320963 0.987535 -0.157399
0.944014 2.932163 0.999214 0.039637
6.638578 4.173509 0.983791 -0.179319
6.397042 9.784114 0.978460 -0.206436
0.980290 3.854932 0.995038 0.099496
3.331951 0.699892 0.994077 0.108676
1.428961 7.571625 0.979716 0.200391
1.456582 0.215194 0.991005 0.133825
6.626045 8.936732 0.996119 0.088018
8.850284 4.585712 0.972046 0.234792
6.195991 1.856460 0.999809 0.019568
5.447631 9.907681 0.986334 -0.164758
0.957411 1.739357 0.994491 0.104820
5.061312 6.650307 0.995076 -0.099113
1.876873 8.281613 0.977736 0.209837
7.113565 3.096661 0.979796 -0.199998
0.694592 9.551347 0.996249 0.086530
4.989294 8.011153 0.997116 -0.075888
2.311865 2.123479 0.997889 -0.064939
7.574306 3.941901 0.997138 0.075599
5.151223 1.892985 0.985955 -0.167009
5.286291 7.334211 0.993933 0.109991
8.914407 8.097733 0.998405 0.056466
7.733396 6.070428 0.983853 -0.178979
6.848238 8.787281 0.999909 -0.013523
0.846997 4.778260 0.991451 0.130480
8.236582 8.197379 0.981560 0.191154
4.015285 0.258865 0.996011 0.089226
9.395902 9.472669 0.995475 0.095024
6.906095 3.086259 0.976671 0.214740
7.738877 5.096664 0.998435 -0.055927
5.580884 0.005050 0.982546 0.186021
3.295359 1.076787 0.999982 0.006073
7.105725 7.502260 0.999905 0.013749
3.905747 5.914322 0.973853 0.227179
1.133868 1.053182 0.989612 -0.143765
7.515699 7.652482 0.991901 -0.127015
8.062752 7.698131 0.983676 0.179951
5.515444 7.313724 0.971347 0.237666
3.522537 3.740159 0.977870 0.209216
4.050134 5.222504 0.985931 0.167153
7.422855 3.399275 0.999955 0.009531
2.691813 2.911355 0.979114 -0.203313
3.640387 4.916839 0.999737 0.022952
1.771238 0.501566 0.987187 0.159570
6.087770 1.208339 0.970541 -0.240937
5.922190 2.307161 0.997438 0.071537
9.880070 0.673272 0.999995 -0.003106
3.632430 8.542031 0.997600 -0.069237
6.776899 7.814462 0.970528 -0.240990
3.744984 9.638808 0.984300 -0.176506
9.108747 3.189162 0.999917 0.012912
6.249512 8.632534 0.993183 0.116562
9.462921 2.027492 0.991683 0.128703
4.722775 3.373188 0.996560 0.082869
5.596967 9.722381 0.989259 -0.146170
8.633482 4.224016 0.999951 0.009914
3.038148 2.915422 0.999680 0.025298
6.351834 7.811873 0.981500 0.191460
6.104631 9.379058 0.989518 -0.144412
9.379237 2.793648 0.999966 -0.008273
9.962344 7.644882 0.993588 -0.113065
5.251283 1.443969 0.978486 -0.206316
6.699908 9.628928 0.969454 0.245272
8.805000 4.679728 0.988705 0.149876
8.463667 3.967952 0.973978 -0.226642
2.810825 8.610763 0.989293 -0.145942
5.869774 0.401852 0.974365 -0.224974
6.155641 6.539966 0.979605 0.200931
2.434032 2.099041 0.987779 -0.155864
9.691793 8.805413 0.972780 0.231730
1.624241 9.565481 0.992779 0.119960
2.882483 5.752931 0.994697 0.102847
1.761874 0.859165 0.975704 -0.219092
3.326832 9.758976 0.994303 -0.106593
9.644607 3.869768 0.999912 0.013284
1.540572 0.160610 0.977143 -0.212581
0.344526 7.986578 0.977018 0.213155
0.848067 8.700855 0.971380 -0.237530
7.747559 1.271905 0.999439 -0.033502
1.712823 6.595105 0.975587 0.219612
4.529949 5.742805 0.986045 -0.166478
5.351910 2.247797 0.973802 0.227397
5.726280 2.188637 0.996109 0.088130
7.351680 9.019530 0.977653 0.210224
4.452333 9.053546 0.998056 0.062327
7.728078 6.693886 0.981710 0.190380
7.021939 2.382299 0.999600 -0.028278
2.151162 0.532785 0.986853 -0.161620
2.072147 7.398752 0.991009 0.133796
8.661981 2.127934 0.997052 0.076725
0.717954 1.751682 0.996850 0.079312
2.476541 2.625872 0.973869 -0.227110
9.066112 4.537145 0.992929 0.118711
9.653426 8.470863 0.997022 0.077119
5.658151 2.600870 0.985358 0.170497
4.571210 1.209565 0.990165 0.139903
7.903038 1.241912 0.983713 0.179748
2.477890 4.332095 0.981160 0.193195
3.756026 9.956516 0.995709 0.092540
3.506850 8.637788 0.974622 -0.223858
8.468982 2.702340 0.984151 0.177330
5.963936 6.669550 0.999313 -0.037069
4.419616 9.392208 0.991914 0.126915
6.490995 8.072094 0.978572 0.205906
5.574871 6.111011 0.994374 0.105927
9.856677 7.679752 0.994016 -0.109239
7.633761 3.576704 0.970579 0.240784
8.835553 8.355049 0.997486 0.070870
7.786225 9.370280 0.995076 -0.099116
5.659126 4.985715 0.999187 -0.040324
1.524646 1.630743 0.999104 0.042333
5.237426 0.136218 0.999863 -0.016535
2.481835 8.586208 0.998144 -0.060894
4.725810 6.953899 0.992879 -0.119126
9.315290 9.680691 0.998503 -0.054705
5.903420 9.463046 0.969267 -0.246013
2.209736 3.157409 0.984225 -0.176924
4.827537 7.594509 0.986090 0.166212
1.581083 3.083081 0.987084 -0.160203
4.515594 8.251594 0.978788 0.204877
8.473085 5.248025 0.999981 -0.006213
5.198435 7.268287 0.985838 0.167703
9.014078 5.414999 0.974294 0.225279
4.732636 8.532974 0.990600 -0.136791
4.152561 2.379981 0.999991 -0.004305
2.303207 7.005626 0.988985 0.148018
2.543537 8.576857 0.969685 -0.244358
6.938336 6.388179 0.997295 -0.073508
7.039655 2.177905 0.995680 0.092847
2.533291 7.207663 0.995413 0.095668
2.013018 0.245076 0.998783 -0.049326
5.323604 5.077429 0.999774 0.021253
1.837745 1.331880 0.981765 -0.190099
2.613687 3.964292 0.985229 -0.171240
3.557082 8.703411 0.999772 -0.021355
2.599438 2.637829 0.986441 0.164117
3.783588 9.515044 0.999502 -0.031541
9.565108 2.908325 0.999603 -0.028180
3.793267 6.459422 0.999899 -0.014207
1.066073 9.191857 0.992907 0.118893
7.086301 5.236745 0.983577 0.180487
5.467245 0.866559 0.975490 -0.220046
2.616754 3.883795 0.989162 -0.146828
6.608766 0.229932 0.991633 -0.129089
5.427220 0.813587 0.995838 -0.091144
7.414367 9.011061 0.998853 0.047888
9.614926 3.836361 0.991817 -0.127665
3.720392 2.302775 0.999817 -0.019129
4.677713 7.866555 0.999384 -0.035100
7.008445 9.617217 0.999243 -0.038901
5.561704 0.425431 0.998029 -0.062751
2.074149 0.678265 0.978305 0.207169
9.327086 3.181852 0.992759 -0.120121
3.493456 3.566436 0.996342 -0.085458
8.140898 5.712477 0.984104 -0.177595
2.546283 6.136844 0.992162 0.124956
9.600405 9.086989 0.982567 -0.185911
7.218786 3.514846 0.984657 -0.174501
1.769747 3.819769 0.980405 -0.196995
3.119419 8.029488 0.987859 0.155351
4.997532 2.253458 0.985514 0.169592
6.767266 6.347976 0.999997 0.002362
4.646177 2.276872 0.997354 -0.072699
8.525521 1.083650 0.973859 0.227152
8.983048 6.511474 0.996780 0.080187
9.735048 6.293560 0.987875 0.155250
7.150173 3.086923 0.989648 0.143518
5.115892 7.656179 0.979813 -0.199916
5.640922 9.233444 0.992530 -0.121998
0.783565 5.357361 0.992786 -0.119903
4.914976 3.777565 0.985937 0.167115
1.339778 5.743041 0.981849 -0.189666
2.919286 9.663930 0.995766 -0.091923
8.093526 5.483887 0.973790 -0.227450
3.771342 2.530822 0.997532 -0.070214
3.488292 0.131477 0.997778 0.066627
3.344928 1.678974 0.997658 0.068395
5.583105 8.729151 0.998663 0.051690
3.047560 5.862111 0.979576 -0.201074
9.331508 3.273055 0.976621 -0.214967
1.522058 1.155203 0.972000 -0.234979
8.172971 0.543164 0.999884 -0.015246
2.921631 5.208553 0.970855 0.239666
6.348587 9.939125 0.994216 -0.107401
3.745727 8.452866 0.988892 0.148639
4.311909 1.240149 0.982655 -0.185441
2.144377 6.385659 0.973133 -0.230242
4.568641 5.608801 0.977571 0.210604
5.461163 3.537583 0.993744 -0.111686
1.008934 0.737876 0.983733 -0.179637
5.530646 6.179129 0.993025 0.117901
0.277353 0.116818 0.981719 -0.190336
7.067042 7.158712 0.997427 0.071683
8.171535 1.467611 0.979145 -0.203163
1.400174 9.388651 0.977538 -0.210760
3.928895 4.570923 0.995204 -0.097825
9.166261 4.193007 0.979809 0.199936
2.856197 3.531312 0.983545 0.180666
7.959876 9.901059 0.998787 -0.049234
2.421352 3.294150 0.985413 -0.170178
7.917393 8.005584 0.982281 -0.187414
2.270802 1.544243 0.991386 -0.130974
4.114250 7.643503 0.993753 -0.111599
6.592057 0.518214 0.999532 -0.030577
1.373901 9.012297 0.993867 -0.110583
1.008769 7.966045 0.997696 0.067843
3.987021 3.296636 0.977209 -0.212278
7.118366 1.811761 0.978520 0.206150
8.804114 6.140173 0.991511 -0.130022
3.024020 1.485695 0.986194 -0.165593
4.807464 8.543254 0.971104 0.238655
5.053318 5.162295 0.993094 -0.117318
1.502045 9.152148 0.997662 0.068341
8.067083 9.717657 0.972978 0.230899
9.050184 1.844711 0.999692 0.024800
2.536770 8.472571 0.999475 -0.032409
8.818401 6.209080 0.979362 -0.202116
9.140706 3.843070 0.999098 0.042463
3.664756 6.218830 0.997535 -0.070164
4.137891 6.006500 0.997860 -0.065391
5.446123 6.054477 0.993750 0.111625
3.414186 1.027754 0.979658 -0.200674
8.161490 1.163096 0.999976 -0.006942
2.447850 7.955813 0.997797 -0.066349
7.131033 7.048432 0.987758 -0.155994
8.783814 3.292488 0.999529 0.030701
4.294453 4.842917 0.996337 0.085516
7.937562 7.242929 0.978991 -0.203901
3.154878 7.407242 0.999292 -0.037622
6.575911 4.347821 0.977267 -0.212013
8.037913 1.707539 0.992028 -0.126016
1.687337 8.341111 0.999716 0.023839
6.169884 1.657476 0.995492 -0.094843
1.715386 1.069840 0.999930 0.011815
8.322496 6.199448 0.970558 0.240867
6.591073 5.066493 0.999023 0.044191
2.755876 1.223345 0.985536 -0.169467
4.899196 2.488711 0.975756 -0.218860
1.868928 8.872752 0.999998 0.001844
9.291553 0.299885 0.998716 -0.050659
4.600973 8.320974 0.990629 -0.136578
2.883227 9.833739 0.999974 -0.007176
3.230242 2.306843 0.996662 0.081640
6.599586 8.319180 0.983594 0.180395
8.779854 3.827766 0.999708 -0.024172
1.122639 8.987983 0.989726 -0.142975
4.337733 3.894878 0.994901 -0.100854
5.779711 2.453756 0.999751 0.022306
5.432224 7.858020 0.988919 0.148459
2.538599 4.494528 0.996901 0.078671
4.623646 0.373011 0.978679 0.205398
9.044399 8.769152 0.999941 0.010868
0.590195 5.612076 0.991984 0.126367
0.037865 3.951270 0.998747 -0.050051
2.753851 0.226537 0.981150 0.193247
3.250029 7.722017 0.975882 0.218300
9.184561 6.663375 0.973522 0.228595
7.920843 4.116190 0.999547 0.030087
9.345535 5.303326 0.972452 -0.233105
1.546059 0.286514 0.998376 -0.056965
9.103371 3.707105 0.997793 0.066408
6.883838 5.133423 0.993777 -0.111389
7.128123 3.911327 0.976581 0.215150
6.524844 3.001612 0.975575 0.219666
1.623241 0.614135 0.988742 0.149631
7.668900 8.156790 0.978009 0.208562
0.232029 7.352443 0.999877 0.015676
6.060330 1.452669 0.973688 0.227886
1.913493 7.380941 0.971467 0.237176
5.026305 6.252708 0.973098 -0.230391
7.644250 9.966920 0.997497 -0.070715
3.664874 8.437469 0.989135 -0.147013
6.087744 2.733207 0.999946 0.010345
1.237042 6.785235 0.971565 -0.236773
7.584668 3.483675 0.976728 -0.214480
5.784547 7.828134 0.972241 0.233982
7.123235 3.615720 0.991233 -0.132123
2.085063 5.144645 0.997744 -0.067135
7.580144 9.930977 0.999964 0.008479
8.146186 0.717974 0.972862 -0.231385
9.906622 6.852253 0.971709 -0.236181
7.319075 0.553466 0.999400 -0.034644
3.781479 4.376408 0.999626 0.027364
2.563996 6.890315 0.990456 0.137832
1.589218 7.851888 0.986373 0.164526
1.849973 0.252012 0.999603 -0.028158
7.179512 6.993880 0.994136 0.108133
7.341472 4.419009 0.989374 0.145395
8.445574 0.019908 0.969388 -0.245535
0.995798 7.083608 0.992436 0.122766
3.518553 7.135521 0.987054 -0.160388
4.452967 2.691343 0.997663 0.068333
0.945017 8.196679 0.971683 -0.236289
6.936765 9.781967 0.981195 -0.193020
7.234728 6.448905 0.999206 0.039848
9.522742 8.672137 0.986963 0.160947
2.660271 7.634042 0.972715 -0.232001
8.852342 7.660246 0.981151 -0.193242
2.231548 2.502595 0.989998 0.141083
4.275969 4.501470 0.970216 -0.242243
0.303641 7.439683 0.984386 -0.176022
4.261993 8.928379 0.983983 -0.178261
3.636859 2.493472 0.989903 -0.141745
2.953010 3.889570 0.996524 0.083304
2.614048 4.791479 0.985877 -0.167470
0.047145 7.176191 0.994132 -0.108172
1.932495 5.501235 0.997581 0.069515
9.103946 4.866972 0.998711 -0.050751
2.591044 6.541664 0.997231 0.074362
3.309644 1.783034 0.985253 -0.171104
2.701050 4.305008 0.999413 -0.034267
9.373671 7.193509 0.996305 0.085891
1.604125 9.690819 0.999058 0.043385
3.976764 4.966177 0.970598 0.240706
1.659694 9.775925 0.999669 -0.025728
8.962557 3.045438 0.999146 -0.041312
6.030182 4.092557 0.999385 -0.035062
1.741780 0.815843 0.986024 -0.166605
6.409626 5.878215 0.989446 -0.144900
3.451344 0.521446 0.999451 -0.033134
0.029140 4.816080 0.978920 0.204243
7.417335 2.852131 0.998405 -0.056466
9.173229 7.325275 0.977029 -0.213107
6.461223 3.600519 0.976516 0.215443
3.760032 1.181903 1.000000 -0.000735
