-3.965307 -8.488261 -0.571365 -0.820696
-6.473173 -2.064704 -0.533252 -0.845956
-4.278250 -2.758011 -0.809816 -0.586684
-6.642132 -4.825809 -0.544172 -0.838974
-8.681956 -1.719534 -0.514711 -0.857364
-9.908498 -1.663097 -0.648685 -0.761057
-3.982746 -4.339948 -0.677332 -0.735678
-5.535712 -0.273993 -0.521502 -0.853250
-0.807115 -8.857043 -0.599519 -0.800361
-9.339950 -9.573913 -0.599912 -0.800066
-3.518086 -3.732846 -0.728183 -0.685382
-4.086556 -2.745333 -0.522352 -0.852730
-0.326331 -1.405353 -0.779665 -0.626197
-8.997686 -9.336785 -0.482428 -0.875936
-4.135400 -0.811354 -0.474323 -0.880351
-9.438441 -0.847373 -0.666915 -0.745134
-9.570654 -2.459889 -0.520117 -0.854095
-9.331214 -4.571325 -0.806673 -0.590998
-7.189073 -1.897913 -0.498665 -0.866795
-5.635794 -8.726607 -0.702165 -0.712015
-2.364011 -3.600217 -0.478236 -0.878232
-2.052999 -1.993236 -0.564350 -0.825536
-3.133478 -8.389300 -0.540361 -0.841434
-7.120209 -0.239695 -0.596110 -0.802903
-8.137399 -6.084897 -0.729005 -0.684508
-3.749927 -9.633884 -0.756475 -0.654023
-3.986520 -4.059165 -0.728628 -0.684909
-2.864259 -2.308301 -0.736516 -0.676420
-1.992152 -7.925705 -0.759694 -0.650281
-9.896100 -0.469708 -0.553902 -0.832582
-0.837175 -4.851880 -0.677015 -0.735969
-7.009762 -5.979152 -0.658310 -0.752747
-6.763411 -6.804169 -0.712756 -0.701412
-8.958267 -5.246571 -0.725084 -0.688661
-2.991299 -8.371988 -0.474676 -0.880161
-9.554587 -4.955276 -0.653719 -0.756737
-7.562393 -5.268020 -0.749257 -0.662280
-4.298857 -1.929605 -0.643905 -0.765105
-4.131765 -2.084614 -0.810115 -0.586271
-5.228857 -9.637969 -0.541171 -0.840913
-4.061472 -8.697602 -0.772305 -0.635252
-2.278141 -3.006323 -0.642973 -0.765889
-7.055600 -3.622657 -0.668763 -0.743476
-9.349445 -7.255595 -0.494679 -0.869076
-4.691031 -9.236236 -0.725052 -0.688694
-4.698075 -8.773333 -0.566056 -0.824367
-4.731609 -3.082268 -0.693957 -0.720017
-4.225672 -6.196256 -0.788417 -0.615141
-4.505402 -7.085162 -0.794513 -0.607247
-8.141383 -0.082060 -0.555229 -0.831698
-3.729830 -0.292092 -0.515429 -0.856932
-5.656000 -0.106968 -0.657574 -0.753390
-8.594385 -3.354409 -0.633633 -0.773634
-8.002216 -5.259644 -0.668265 -0.743923
-3.093293 -5.906009 -0.769711 -0.638393
-1.931266 -3.174167 -0.625275 -0.780404
-0.647965 -8.717099 -0.575153 -0.818046
-8.526638 -7.024882 -0.807518 -0.589843
-7.171773 -4.506447 -0.830255 -0.557383
-2.901258 -8.573150 -0.558250 -0.829673
-9.446315 -3.264602 -0.691301 -0.722567
-4.067850 -9.855944 -0.825254 -0.564762
-0.071778 -9.849855 -0.594366 -0.804195
-4.889703 -0.160072 -0.802464 -0.596700
-3.902527 -6.136892 -0.809603 -0.586978
-4.051705 -9.826752 -0.606030 -0.795442
-8.919374 -4.840574 -0.511588 -0.859231
-8.990053 -4.520630 -0.536957 -0.843609
-0.022429 -5.118840 -0.729014 -0.684499
-4.535282 -6.816043 -0.761037 -0.648709
-3.570576 -8.806255 -0.553205 -0.833045
-0.301784 -5.353384 -0.799094 -0.601206
-7.230574 -1.433490 -0.820504 -0.571641
-0.489596 -4.201292 -0.477631 -0.878561
-1.686320 -7.345458 -0.807072 -0.590452
-5.616463 -7.050337 -0.647553 -0.762021
-3.597101 -6.378690 -0.817000 -0.576638
-1.075048 -2.896001 -0.569246 -0.822167
-3.232040 -9.744944 -0.631208 -0.775614
-9.348667 -3.841234 -0.564525 -0.825416
-2.634921 -9.413232 -0.779611 -0.626264
-7.831351 -6.542222 -0.687178 -0.726490
-9.989070 -6.782914 -0.735045 -0.678018
-2.373107 -5.976018 -0.553462 -0.832874
-3.146766 -1.022519 -0.486539 -0.873659
-2.544608 -9.497646 -0.695936 -0.718104
-8.740955 -3.019797 -0.532034 -0.846723
-2.577305 -8.427192 -0.784383 -0.620277
-1.650326 -7.422146 -0.512124 -0.858912
-2.281915 -2.624448 -0.615781 -0.787917
-4.631672 -3.923088 -0.608217 -0.793771
-6.817198 -2.408252 -0.588839 -0.808250
-3.491221 -4.369137 -0.778573 -0.627554
-9.443640 -5.711170 -0.772297 -0.635261
-2.456015 -3.897388 -0.739265 -0.673414
-4.208101 -4.553919 -0.774618 -0.632429
-2.565460 -1.652833 -0.637964 -0.770066
-5.437201 -2.579436 -0.648921 -0.760855
-2.875246 -3.018512 -0.596449 -0.802651
-9.913596 -0.323960 -0.569735 -0.821828
-7.257749 -1.038143 -0.774081 -0.633086
-7.034164 -8.169294 -0.763225 -0.646133
-9.973191 -1.338326 -0.576815 -0.816875
-2.594513 -3.738001 -0.571007 -0.820945
-7.215731 -0.167930 -0.790736 -0.612157
-6.469380 -1.531324 -0.798885 -0.601483
-9.469631 -6.553395 -0.509336 -0.860568
-7.012774 -8.618807 -0.601385 -0.798959
-8.525698 -0.257887 -0.587477 -0.809241
-8.680030 -7.464185 -0.805475 -0.592629
-4.237388 -1.007485 -0.663780 -0.747928
-5.709455 -9.734094 -0.786417 -0.617697
-3.062181 -7.387038 -0.816111 -0.577896
-1.218443 -4.250923 -0.588398 -0.808571
-0.998229 -4.709122 -0.671606 -0.740908
-7.317608 -9.369544 -0.562471 -0.826817
-2.119529 -7.296388 -0.790485 -0.612481
-7.904179 -2.624209 -0.604936 -0.796274
-7.741287 -5.120442 -0.602023 -0.798478
-0.922913 -3.196411 -0.686042 -0.727562
-4.779001 -5.610906 -0.539127 -0.842225
-5.147089 -3.701669 -0.546577 -0.837409
-2.368591 -4.606268 -0.822640 -0.568562
-4.739981 -4.774190 -0.633104 -0.774067
-7.301321 -6.163761 -0.507495 -0.861655
-5.167768 -0.009665 -0.732123 -0.681172
-3.273445 -7.028020 -0.656428 -0.754388
-0.096529 -9.951900 -0.810393 -0.585887
-8.134656 -5.265362 -0.488067 -0.872806
-9.664011 -8.635981 -0.733604 -0.679578
-4.071838 -9.907820 -0.611455 -0.791279
-8.415736 -6.562313 -0.525500 -0.850794
-4.433565 -3.886701 -0.571614 -0.820523
-8.516317 -4.082789 -0.742786 -0.669529
-0.721145 -4.518287 -0.804035 -0.594581
-3.040862 -9.380966 -0.755667 -0.654957
-8.330268 -4.953658 -0.735477 -0.677549
-7.335021 -1.866284 -0.540167 -0.841558
-2.002005 -7.913189 -0.799926 -0.600098
-3.037166 -2.384116 -0.674065 -0.738672
-1.502337 -8.491812 -0.757114 -0.653282
-2.151751 -3.006163 -0.727036 -0.686599
-2.304274 -1.918648 -0.536894 -0.843650
-1.623796 -2.885815 -0.590372 -0.807132
-2.583413 -0.639366 -0.642256 -0.766490
-4.280618 -3.639118 -0.564760 -0.825255
-6.478521 -6.870975 -0.755505 -0.655143
-5.846408 -2.802988 -0.635921 -0.771754
-7.736778 -2.304387 -0.499488 -0.866321
-6.340888 -5.725387 -0.804843 -0.593488
-6.863903 -2.203065 -0.647368 -0.762178
-0.287016 -3.158059 -0.761353 -0.648338
-5.474522 -8.480372 -0.831014 -0.556251
-6.291719 -5.912488 -0.664401 -0.747376
-5.367771 -0.929252 -0.690526 -0.723308
-4.210825 -1.706766 -0.727875 -0.685710
-0.313079 -0.421372 -0.584020 -0.811739
-8.870046 -0.664825 -0.732679 -0.680575
-0.774225 -2.668293 -0.716269 -0.697825
-2.892979 -3.977505 -0.595995 -0.802988
-6.318808 -5.772234 -0.562550 -0.826763
-9.211960 -6.625486 -0.776074 -0.630642
-1.825422 -0.531537 -0.759187 -0.650873
-1.854185 -0.598972 -0.678007 -0.735055
-6.035310 -7.698056 -0.547163 -0.837026
-0.691829 -7.621157 -0.733330 -0.679873
-8.017021 -4.269091 -0.826325 -0.563194
-4.236256 -4.206688 -0.473409 -0.880843
-7.125457 -7.490181 -0.736237 -0.676724
-1.672214 -7.704038 -0.484291 -0.874907
-0.404584 -5.959630 -0.619716 -0.784826
-7.236323 -6.963355 -0.730028 -0.683417
-2.227734 -0.156194 -0.543844 -0.839186
-6.817288 -0.109004 -0.525489 -0.850800
-0.370186 -1.873535 -0.469762 -0.882793
-7.314083 -7.714760 -0.726021 -0.687672
-7.083280 -7.145590 -0.743242 -0.669022
-6.791224 -5.055938 -0.469968 -0.882684
-0.850119 -1.793503 -0.672125 -0.740438
-2.136091 -1.762089 -0.755477 -0.655175
-3.635030 -8.019273 -0.518320 -0.855187
-7.997460 -1.129622 -0.660645 -0.750698
-2.253573 -4.268280 -0.552936 -0.833224
-9.260604 -5.397558 -0.707353 -0.706860
-2.934737 -6.934234 -0.774303 -0.632815
-6.975388 -3.097004 -0.741130 -0.671362
-5.575866 -6.739081 -0.484982 -0.874524
-7.335255 -0.609431 -0.808948 -0.587880
-4.598205 -6.022692 -0.566304 -0.824196
-5.794940 -2.496656 -0.785984 -0.618247
-6.205626 -2.105278 -0.486419 -0.873726
-7.480410 -2.448876 -0.777421 -0.628980
-6.286175 -9.215830 -0.784347 -0.620322
-0.590857 -7.010620 -0.688279 -0.725446
-6.914230 -7.307172 -0.690839 -0.723009
-1.956513 -3.109807 -0.628959 -0.777438
-0.349744 -9.838583 -0.634554 -0.772878
-5.184037 -2.296733 -0.482144 -0.876092
-3.226782 -8.297292 -0.699404 -0.714727
-7.931990 -3.971534 -0.798237 -0.602343
-8.994725 -3.859230 -0.570956 -0.820981
-2.180483 -0.252048 -0.811172 -0.584807
-3.768166 -2.558392 -0.751352 -0.659901
-6.388217 -6.986486 -0.584267 -0.811561
-7.643860 -8.320702 -0.493856 -0.869544
-3.762620 -2.098690 -0.827988 -0.560745
-6.765977 -7.860908 -0.681249 -0.732052
-7.283125 -0.901565 -0.600139 -0.799896
-2.950315 -3.254050 -0.553801 -0.832649
-1.796289 -0.083795 -0.676546 -0.736400
-6.337007 -8.853074 -0.465949 -0.884812
-7.186781 -2.247143 -0.724090 -0.689705
-9.234728 -4.708708 -0.653601 -0.756839
-6.609046 -8.526061 -0.498704 -0.866773
-6.654462 -2.351421 -0.729382 -0.684106
-9.290733 -3.831911 -0.496659 -0.867946
-4.415274 -2.816109 -0.638225 -0.769850
-2.636092 -9.916030 -0.468454 -0.883488
-9.409152 -5.059339 -0.789532 -0.613710
-0.111243 -7.307745 -0.830978 -0.556305
-7.229781 -4.593350 -0.656296 -0.754504
-9.058333 -9.485829 -0.815485 -0.578779
-8.793975 -9.312225 -0.798458 -0.602051
-9.795020 -8.343989 -0.696107 -0.717938
-5.130530 -5.809856 -0.546234 -0.837632
-1.141817 -9.428982 -0.822656 -0.568540
-0.576237 -8.491209 -0.480237 -0.877139
-4.031832 -8.232860 -0.774839 -0.632159
-9.646556 -6.152224 -0.543269 -0.839559
-1.821562 -8.746242 -0.501449 -0.865187
-7.089912 -7.544365 -0.555988 -0.831190
-3.658679 -0.618990 -0.804074 -0.594529
-6.890961 -3.721038 -0.504972 -0.863136
-0.013078 -7.594404 -0.584871 -0.811126
-4.619801 -4.822589 -0.510168 -0.860075
-5.641819 -7.286651 -0.823306 -0.567598
-3.598653 -0.750142 -0.685227 -0.728330
-3.318925 -6.795292 -0.643545 -0.765408
-0.682781 -3.854012 -0.827321 -0.561729
-1.146898 -8.393090 -0.699039 -0.715083
-3.548457 -5.051425 -0.753366 -0.657601
-9.826629 -7.009960 -0.479221 -0.877694
-1.021211 -9.535410 -0.794778 -0.606900
-5.130911 -8.285483 -0.809782 -0.586731
-3.509706 -0.040005 -0.819963 -0.572416
-9.630961 -3.151874 -0.646805 -0.762656
-0.124623 -4.792738 -0.621155 -0.783688
-6.473107 -3.843560 -0.610237 -0.792219
-5.452136 -2.686677 -0.701936 -0.712240
-8.598686 -9.684942 -0.785044 -0.619440
-9.915141 -7.385983 -0.610237 -0.792219
-5.949343 -0.960075 -0.700377 -0.713773
-3.690356 -2.578665 -0.732902 -0.680334
-7.895877 -3.428533 -0.788655 -0.614836
-6.870184 -7.562566 -0.476538 -0.879154
-3.864447 -9.014917 -0.553418 -0.832903
-2.258102 -4.841873 -0.496823 -0.867852
-8.641919 -8.160971 -0.769013 -0.639233
-3.384917 -8.284333 -0.527051 -0.849833
-0.318394 -1.643452 -0.760203 -0.649686
-9.346667 -2.410754 -0.705907 -0.708305
-3.816061 -9.482391 -0.506634 -0.862161
-8.985827 -4.664090 -0.472905 -0.881113
-4.970443 -4.810799 -0.658809 -0.752310
-9.069608 -4.115224 -0.499178 -0.866500
-9.339538 -1.646561 -0.492919 -0.870075
-1.386249 -0.561375 -0.764992 -0.644040
-0.480375 -7.485476 -0.663063 -0.748564
-2.029110 -0.202924 -0.708109 -0.706103
-4.985382 -3.409676 -0.765744 -0.643145
-6.676525 -2.584312 -0.766900 -0.641767
-1.737277 -8.006943 -0.798396 -0.602132
-3.121624 -4.534802 -0.523964 -0.851741
-3.599929 -2.233147 -0.761314 -0.648383
-6.546359 -1.690464 -0.533880 -0.845560
-2.572404 -1.382177 -0.553185 -0.833058
-8.980458 -1.387054 -0.730775 -0.682619
-1.834967 -9.151275 -0.805795 -0.592194
-3.219044 -3.210348 -0.700889 -0.713270
-6.716995 -9.303409 -0.775586 -0.631242
-0.712736 -8.907134 -0.810350 -0.585946
-4.483599 -1.350482 -0.673374 -0.739302
-7.261470 -3.146416 -0.667845 -0.744300
-8.464483 -0.546927 -0.821825 -0.569740
-1.178412 -3.631080 -0.477482 -0.878642
-3.113163 -9.878329 -0.593664 -0.804713
-0.267418 -4.881863 -0.808029 -0.589143
-0.497288 -2.583041 -0.750568 -0.660793
-5.128624 -5.349007 -0.608976 -0.793189
-0.937625 -9.918028 -0.510250 -0.860026
-9.846600 -7.335765 -0.550845 -0.834608
-2.042608 -9.213757 -0.592857 -0.805307
-2.029017 -7.017413 -0.554006 -0.832513
-8.483875 -0.255816 -0.766382 -0.642385
-5.621148 -7.790933 -0.514562 -0.857453
-3.762109 -1.536018 -0.826319 -0.563202
-5.219575 -3.440933 -0.738354 -0.674413
-4.596313 -8.495591 -0.630538 -0.776158
-0.847857 -4.712959 -0.751166 -0.660113
-8.593365 -2.996899 -0.771434 -0.636310
-7.167590 -3.529846 -0.745406 -0.666610
-8.443768 -0.233010 -0.813176 -0.582018
-3.770185 -2.688119 -0.546137 -0.837696
-7.147199 -2.870445 -0.484197 -0.874959
-9.925942 -5.328927 -0.760484 -0.649356
-5.627836 -0.431096 -0.540081 -0.841613
-0.766826 -6.122488 -0.718478 -0.695550
-3.575525 -6.125790 -0.494514 -0.869169
-0.140166 -1.208198 -0.643482 -0.765461
-9.879500 -1.201205 -0.552921 -0.833234
-8.001307 -4.424776 -0.465238 -0.885186
-8.308792 -5.319280 -0.718726 -0.695293
-6.107971 -5.049447 -0.502500 -0.864577
-6.440738 -0.058920 -0.494605 -0.869118
-5.308028 -4.304005 -0.808696 -0.588227
-5.779918 -8.876670 -0.779330 -0.626613
-1.607008 -1.649682 -0.489163 -0.872193
-6.999577 -5.778419 -0.779017 -0.627002
-0.590396 -2.479241 -0.586251 -0.810130
-2.144047 -5.072088 -0.591872 -0.806032
-5.215509 -1.861164 -0.516417 -0.856337
-5.620152 -1.900800 -0.622271 -0.782802
-7.438665 -2.053343 -0.798155 -0.602452
-2.894693 -2.771210 -0.736282 -0.676675
-7.794991 -9.891995 -0.582312 -0.812965
-5.893676 -3.637799 -0.533182 -0.846001
-8.276244 -1.760035 -0.764646 -0.644450
-6.131085 -4.100574 -0.650219 -0.759747
-6.501141 -6.864493 -0.533762 -0.845635
-9.310171 -4.771871 -0.790799 -0.612076
-6.867298 -5.559469 -0.669590 -0.742731
-9.814234 -1.722554 -0.789464 -0.613797
-0.779737 -8.204430 -0.580089 -0.814553
-0.902271 -1.673939 -0.597161 -0.802121
-3.555300 -6.175678 -0.566395 -0.824134
-8.846551 -2.135799 -0.689858 -0.723945
-9.752535 -1.178600 -0.775267 -0.631634
-6.340051 -6.250556 -0.822122 -0.569311
-7.290643 -1.035506 -0.684938 -0.728601
-3.356675 -7.600935 -0.517633 -0.855603
-4.120514 -3.257250 -0.661991 -0.749511
-6.126988 -7.817832 -0.677679 -0.735358
-8.270676 -9.519743 -0.760389 -0.649468
-8.507039 -8.221661 -0.568399 -0.822753
-1.738945 -2.051571 -0.606670 -0.794954
-1.793121 -2.782634 -0.671721 -0.740804
-9.233544 -2.713812 -0.638769 -0.769399
-7.954938 -0.511831 -0.754231 -0.656609
-6.238130 -6.863511 -0.580383 -0.814343
-8.480164 -7.184284 -0.663544 -0.748137
-1.144968 -7.028733 -0.562776 -0.826609
-0.570769 -3.388514 -0.539378 -0.842064
-5.518311 -4.799873 -0.691431 -0.722442
-9.544694 -4.697775 -0.813275 -0.581879
-0.998263 -4.570396 -0.809810 -0.586692
-5.857555 -1.621973 -0.689976 -0.723832
-0.385060 -4.594268 -0.816713 -0.577044
-3.403023 -2.043076 -0.603091 -0.797673
-9.972564 -6.313181 -0.638442 -0.769670
-3.818476 -5.846107 -0.668703 -0.743530
-5.613476 -9.386373 -0.742889 -0.669415
-7.768492 -7.686203 -0.577394 -0.816466
-3.459790 -2.574760 -0.566078 -0.824352
-5.073892 -7.705334 -0.707074 -0.707140
-3.209734 -9.770805 -0.679464 -0.733709
-4.193545 -3.375671 -0.650217 -0.759748
-1.741269 -3.104646 -0.492434 -0.870350
-4.888771 -0.746231 -0.474446 -0.880285
-5.304137 -0.565962 -0.578025 -0.816019
-4.615388 -8.632974 -0.569871 -0.821735
-1.814664 -4.111694 -0.671063 -0.741400
-9.037651 -0.502734 -0.699433 -0.714698
-5.207440 -1.050963 -0.575389 -0.817880
-9.870348 -8.011670 -0.762558 -0.646920
-2.043454 -9.787962 -0.740824 -0.671700
-4.083977 -1.162144 -0.739544 -0.673108
-7.983399 -4.465995 -0.767214 -0.641392
-7.729855 -8.068128 -0.728025 -0.685551
-8.061264 -9.735362 -0.769601 -0.638526
-3.790719 -1.035377 -0.483912 -0.875117
-0.620978 -2.341389 -0.775648 -0.631166
-4.857532 -3.502233 -0.560027 -0.828474
-0.206584 -1.574022 -0.669942 -0.742414
-3.578038 -2.470081 -0.761576 -0.648076
-7.293942 -4.061137 -0.747765 -0.663963
-5.376268 -2.940909 -0.514732 -0.857351
-2.368770 -5.710753 -0.580429 -0.814311
-5.473236 -4.663259 -0.620720 -0.784032
-7.937254 -6.508921 -0.737910 -0.674899
-2.411827 -3.343238 -0.588117 -0.808776
-7.301367 -3.049441 -0.767869 -0.640607
-5.626632 -4.825487 -0.473734 -0.880668
-5.395810 -5.684692 -0.512310 -0.858800
-4.884148 -8.250163 -0.765102 -0.643909
-4.793306 -9.712554 -0.567650 -0.823270
-2.300618 -0.352790 -0.765004 -0.644026
-6.385625 -8.072338 -0.508328 -0.861163
-8.463234 -7.005911 -0.519978 -0.854180
-4.593627 -0.916791 -0.739871 -0.672748
-7.744390 -4.658784 -0.516405 -0.856344
-8.268037 -1.901657 -0.582551 -0.812794
-8.548782 -2.920944 -0.475948 -0.879474
-6.917982 -0.708141 -0.721250 -0.692675
-8.367019 -2.649044 -0.593938 -0.804511
-5.827988 -0.526898 -0.618107 -0.786094
-3.921651 -1.393385 -0.772535 -0.634972
-7.083643 -1.188320 -0.820637 -0.571450
-7.176519 -8.256650 -0.464582 -0.885530
-8.915145 -8.107880 -0.747882 -0.663832
-5.022221 -8.272179 -0.478964 -0.877835
-4.367151 -0.882183 -0.473737 -0.880666
-3.426741 -5.424222 -0.560241 -0.828330
-7.191360 -9.605909 -0.541707 -0.840567
-8.213288 -6.118691 -0.708293 -0.705918
-8.991518 -2.379177 -0.684345 -0.729158
-5.398528 -9.832569 -0.756439 -0.654064
-7.151963 -8.042290 -0.683539 -0.729914
-5.519088 -7.891123 -0.705199 -0.709009
-5.031687 -6.821619 -0.676326 -0.736603
-9.359039 -3.617318 -0.816416 -0.577464
-3.649514 -7.630208 -0.476861 -0.878979
-0.294876 -9.288016 -0.691586 -0.722294
-4.613528 -9.724632 -0.531164 -0.847269
-8.965783 -3.998236 -0.726225 -0.687457
-7.967016 -4.789159 -0.722355 -0.691522
-9.971167 -9.272963 -0.468040 -0.883707
-8.866154 -5.456884 -0.520268 -0.854003
-1.610449 -8.133431 -0.520209 -0.854039
-9.882272 -8.295005 -0.766202 -0.642600
-8.497891 -5.487235 -0.734088 -0.679054
-8.547533 -2.292669 -0.671059 -0.741404
-4.058454 -5.659403 -0.633191 -0.773995
-6.532822 -6.612838 -0.772916 -0.634508
-9.420349 -0.943885 -0.519426 -0.854516
-4.036177 -6.738203 -0.822578 -0.568652
-2.919766 -6.823314 -0.668278 -0.743912
-2.519945 -7.030862 -0.668189 -0.743992
-7.769875 -2.213604 -0.662342 -0.749202
-9.900254 -0.900700 -0.563821 -0.825897
-0.931876 -7.923544 -0.731427 -0.681920
-0.074626 -8.438864 -0.483823 -0.875166
-1.941582 -5.160956 -0.619857 -0.784714
-0.841121 -1.002638 -0.748758 -0.662844
-6.145827 -2.181770 -0.637271 -0.770640
-0.580146 -0.929296 -0.465776 -0.884902
-9.830620 -6.706606 -0.505088 -0.863068
-3.184496 -8.828044 -0.765043 -0.643979
-6.154546 -0.833596 -0.534262 -0.845319
-5.034238 -4.544660 -0.752355 -0.658758
-0.601465 -9.455263 -0.632658 -0.774431
-8.585910 -3.788636 -0.726862 -0.686784
-6.612088 -5.866910 -0.778113 -0.628125
-5.027522 -7.187302 -0.780932 -0.624616
-9.955001 -6.464058 -0.509944 -0.860208
-9.991117 -8.371947 -0.555148 -0.831751
-3.439896 -4.216401 -0.815497 -0.578762
-9.825760 -2.649825 -0.701912 -0.712264
-6.173431 -5.440131 -0.482747 -0.875760
-4.925140 -8.862395 -0.500998 -0.865449
-3.703247 -2.654118 -0.740596 -0.671951
-6.859219 -2.559708 -0.599170 -0.800622
-0.801381 -3.862655 -0.535656 -0.844437
-6.827107 -7.119495 -0.538099 -0.842881
-3.125754 -5.155990 -0.682627 -0.730767
-9.174598 -1.366006 -0.719673 -0.694314
-4.488100 -5.628439 -0.793372 -0.608737
-6.750850 -8.388387 -0.542067 -0.840335
-1.363759 -0.944368 -0.474852 -0.880066
-5.299420 -7.625526 -0.767100 -0.641527
-5.465283 -8.258206 -0.748729 -0.662876
-0.289292 -4.134868 -0.823495 -0.567323
-3.116802 -8.709706 -0.763232 -0.646125
-2.113441 -0.766614 -0.759334 -0.650701
-3.452822 -9.991410 -0.741708 -0.670723
-5.834058 -0.186440 -0.474745 -0.880124
-1.715349 -1.789226 -0.735583 -0.677434
-7.695234 -0.197711 -0.707934 -0.706279
-5.684797 -1.928587 -0.645369 -0.763871
-8.606583 -9.606857 -0.766457 -0.642295
-7.909218 -3.461014 -0.492943 -0.870061
-2.545446 -2.576539 -0.742016 -0.670383
-2.530547 -7.924803 -0.644428 -0.764665
-5.984108 -8.734684 -0.754611 -0.656172
-7.497173 -7.288012 -0.759821 -0.650133
-7.775885 -7.334338 -0.785388 -0.619004
-0.538006 -1.380821 -0.830207 -0.557455
-7.582677 -8.179494 -0.809085 -0.587692
-3.790897 -8.521415 -0.485394 -0.874296
-3.055041 -8.415949 -0.755028 -0.655692
-0.427364 -1.549472 -0.512471 -0.858705
-5.073992 -9.469009 -0.490707 -0.871325
-2.004466 -5.619969 -0.613318 -0.789836
-6.959278 -5.063674 -0.672447 -0.740146
-8.545236 -3.783479 -0.615050 -0.788488
-3.398286 -0.422686 -0.593261 -0.805010
-4.002421 -8.150109 -0.500565 -0.865699
-1.868669 -3.410877 -0.800250 -0.599667
-4.894445 -9.808260 -0.777595 -0.628765
-6.030523 -2.312150 -0.527517 -0.849544
-1.992094 -9.316237 -0.782673 -0.622433
